object_list:
- arm_name: right
  object_name: biscuits
  pick_pose:
    orientation:
      w: 0.0
      x: 0.0
      y: 0.0
      z: 0.0
    position:
      x: 0.4822201132774353
      y: 0.2345435917377472
      z: 0.6777126789093018
  place_pose:
    orientation:
      w: 0.0
      x: 0.0
      y: 0.0
      z: 0.0
    position:
      x: 0
      y: -0.71
      z: 0.605
  test_scene_num: 2
